LiH -8.02536 -8.02248 -8.01916 32.7 32.7
BeH -15.19928 -15.19491 -15.19160 82.6 83.2
CH -38.41880 -38.41258 -38.40927 141.1 141.9
CH2(3B1) -39.08545 -39.06900 -39.06520 94.6 94.7
CH2(1A1) -39.07444 -39.05840 -39.05462 101.3 101.4
CH3 -39.77274 -39.74509 -39.74084 35.7 35.1
CH4 -40.45354 -40.41088 -40.40707 -16.7 -18.6
NH -55.14935 -55.14217 -55.13886 86.2 86.3
NH2 -55.80738 -55.78902 -55.78524 45.7 45.0
NH3 -56.49169 -56.45865 -56.45484 -9.1 -10.8
OH -75.65204 -75.64391 -75.64060 9.0 9.1
OH2 -76.35256 -76.33205 -76.32826 -57.4 -58.1
FH -100.35887 -100.35001 -100.34670 -66.2 -66.2
SiH2(1A1) -290.17902 -290.16771 -290.16390 62.7 62.3
SiH2(3B1) -290.14217 -290.13049 -290.12665 86.1 85.7
SiH3 -290.79392 -290.77351 -290.76954 48.0 46.7
SiH4 -291.44894 -291.41904 -291.41501 8.3 6.0
PH2 -342.06218 -342.04913 -342.04533 33.8 32.9
PH3 -342.70241 -342.67904 -342.67518 3.9 2.0
SH2 -398.94541 -398.93073 -398.92693 -4.1 -4.8
ClH -460.34665 -460.34017 -460.33686 -22.4 -22.4
Li2 -14.90645 -14.90576 -14.90204 49.5 49.6
LiF -107.28631 -107.28421 -107.28086 -81.4 -81.4
C2H2 -77.21203 -77.18574 -77.18205 56.0 55.8
C2H4 -78.46483 -78.41593 -78.41192 14.8 12.8
C2H6 -79.70211 -79.63090 -79.62641 -16.8 -20.6
CN -92.58679 -92.58276 -92.57945 106.5 107.3
HCN -93.30095 -93.28489 -93.28142 31.3 31.2
CO -113.18245 -113.17749 -113.17418 -29.0 -28.2
HCO -113.71167 -113.69883 -113.69503 9.2 9.3
H2CO -114.36495 -114.33888 -114.33506 -27.0 -27.9
H3COH -115.58430 -115.53489 -115.53060 -46.8 -49.4
N2 -109.39822 -109.39261 -109.38931 1.3 1.3
H2NNH2 -111.73229 -111.68045 -111.67622 27.2 23.7
NO -129.74447 -129.73995 -129.73665 21.0 21.0
O2 -150.15228 -150.14822 -150.14491 2.4 2.4
HOOH -151.39194 -151.36578 -151.36160 -30.8 -32.3
F2 -199.32650 -199.32397 -199.32064 0.3 0.3
CO2 -188.37269 -188.36131 -188.35774 -96.7 -96.7
Na2 -323.72332 -323.72300 -323.71903 32.2 31.6
Si2 -577.98491 -577.98376 -577.98023 139.6 140.3
P2 -681.82115 -681.81930 -681.81592 36.1 35.7
S2 -795.46678 -795.46512 -795.46172 33.9 33.9
Cl2 -919.44342 -919.44220 -919.43869 1.4 1.4
NaCl -621.68095 -621.68022 -621.67652 -44.5 -44.8
SiO -364.21904 -364.21618 -364.21286 -23.2 -22.9
SC -435.71390 -435.71100 -435.70768 65.1 65.9
SO -472.83217 -472.82949 -472.82617 3.8 3.8
ClO -534.75786 -534.75617 -534.75277 26.4 26.4
FCl -559.40853 -559.40667 -559.40329 -13.9 -14.0
Si2H6 -581.71515 -581.66808 -581.66203 20.0 16.2
CH3Cl -499.59017 -499.55383 -499.54985 -18.6 -20.5
H3CSH -438.19278 -438.14847 -438.14389 -2.9 -5.3
HOCl -535.42151 -535.40858 -535.40470 -17.6 -18.3
SO2 -548.02288 -548.01572 -548.01172 -65.3 -65.9
BF3 -324.24933 -324.23744 -324.23293 -270.8 -271.4
BCl3 -1404.14937 -1404.14214 -1404.13672 -98.2 -98.3
AlF3 -541.50692 -541.49945 -541.49401 -286.8 -287.6
AlCl3 -1621.45324 -1621.44874 -1621.44236 -142.1 -142.5
CF4 -437.08343 -437.06631 -437.06140 -227.2 -228.6
CCl4 -1876.99383 -1876.98419 -1876.97762 -25.2 -25.7
COS -510.95680 -510.94800 -510.94417 -35.9 -35.8
CS2 -833.54006 -833.53355 -833.52948 25.6 25.8
CF2O -312.70544 -312.69134 -312.68709 -147.8 -148.6
SiF4 -688.36606 -688.35398 -688.34797 -377.7 -378.8
SiCl4 -2128.25677 -2128.24976 -2128.24223 -161.8 -162.2
N2O -184.44811 -184.43712 -184.43349 21.0 20.2
ClNO -589.48270 -589.47638 -589.47201 12.0 11.6
NF3 -353.74941 -353.73802 -353.73362 -33.8 -35.3
PF3 -640.28804 -640.27964 -640.27464 -222.4 -223.7
O3 -225.18230 -225.17449 -225.17060 33.7 33.0
F2O -274.39712 -274.39109 -274.38704 5.9 5.3
ClF3 -758.77596 -758.76851 -758.76339 -37.4 -38.4
C2F4 -475.04346 -475.02205 -475.01584 -164.8 -165.6
C2Cl4 -1915.02624 -1915.01088 -1915.00342 -7.3 -7.5
CF3CN -430.01223 -429.98945 -429.98339 -122.3 -123.2
CH3CCH(propyne) -116.47283 -116.41917 -116.41431 47.4 45.7
CH2vCvCH2(allene) -116.47092 -116.41784 -116.41308 48.2 46.4
C3H4(cyclopropene) -116.43532 -116.38129 -116.37701 71.2 69.1
CH3CHvCH2(propylene) -117.72139 -117.64509 -117.63998 8.9 5.3
C3H6(cyclopropane) -117.70907 -117.63115 -117.62679 17.7 13.6
C3H8(propane) -118.95453 -118.85580 -118.85022 -20.0 -25.4
CH2CHCHCH2(butadiene) -155.74600 -155.66427 -155.65855 31.5 28.0
C4H6(2-butyne) -155.73204 -155.65115 -155.64444 39.7 36.9
C4H6(methylene-cyclopropane) -155.71459 -155.63267 -155.62741 51.3 47.6
C4H6(bicyclobutane) -155.70359 -155.62045 -155.61573 59.0 54.9
C4H6(cyclobutene) -155.72712 -155.64388 -155.63905 44.3 40.3
C4H8(cyclobutane) -156.96467 -156.85860 -156.85340 12.8 7.0
C4H8(isobutene) -156.97962 -156.87635 -156.86995 1.7 -3.4
C4H10(trans-butane) -158.20722 -158.08118 -158.07430 -23.6 -30.4
C4H10(isobutane) -158.21000 -158.08431 -158.07751 -25.5 -32.4
C5H8(spiropentane) -194.96300 -194.85253 -194.84658 51.3 45.7
C6H6(benzene) -231.87667 -231.78053 -231.77508 27.8 23.7
CH2F2 -238.75010 -238.71797 -238.71389 -109.0 -110.8
CHF3 -337.91905 -337.89393 -337.88950 -169.2 -170.9
CH2Cl2 -958.72753 -958.69892 -958.69439 -21.8 -23.4
CHCl3 -1417.86287 -1417.84321 -1417.83780 -24.5 -25.7
CH3NH2(methylamine) -95.72844 -95.66691 -95.66252 -1.9 -5.5
CH3CN(methyl-cyanide) -132.56671 -132.52305 -132.51847 19.8 18.1
CH3NO2(nitromethane) -244.72786 -244.67914 -244.67381 -17.4 -20.5
CH3ONO(methyl-nitrite) -244.72407 -244.67613 -244.67087 -15.5 -18.6
CH3SiH3(methyl-silane) -330.71603 -330.65782 -330.65257 -3.6 -7.4
HCOOH(formic-acid) -189.54956 -189.51648 -189.51234 -90.8 -92.5
HCOOCH3(methyl-formate) -228.78843 -228.72809 -228.72259 -85.6 -88.8
CH3CONH2(acetamide) -208.95088 -208.88038 -208.87409 -53.5 -57.2
C2H4NH(aziridine) -133.73195 -133.66413 -133.65993 34.5 30.5
NCCN(cyanogen) -185.40273 -185.38648 -185.38174 74.4 74.8
H3)2NH(dimethylamine) -134.97160 -134.88280 -134.87737 0.5 -4.7
CH3CH2NH2(trans-ethylamine) -134.98348 -134.81368 -192.80724 -49.2 -53.0
CH2CO(ketene) -152.39966 -152.36912 -152.36468 -11.4 -12.1
C2H4O(oxirane) -153.58850 -153.53288 -153.52877 -10.9 -13.9
CH3CHO(acetaldehyde) -153.63035 -153.57684 -153.57193 -38.5 -41.0
HCOCOH(glyoxal) -227.54671 -227.51024 -227.50507 -52.2 -53.6
CH3CH2OH(ethanol) -154.84126 -154.76445 -154.75915 -52.9 -57.2
CH3OCH3(dimethylether) -154.82359 -154.74668 -154.74133 -41.8 -46.0
C2H4S(thiooxirane) -476.21752 -476.16447 -476.16012 21.7 18.9
H3)2SO(dimethyl-sulfoxide) -552.56455 -552.48790 -552.48131 -30.2 -34.8
C5H2SH(ethanethiol) -477.44627 -477.37438 -477.36864 -6.7 -10.7
CH3SCH3(dimethyl-sulphide) -477.44468 -477.37187 -477.36599 -5.1 -9.1
CH2vCHF -177.61468 -177.57213 -177.56781 -33.0 -34.9
C2H5Cl(ethyl-chloride) -538.84625 -538.78237 -538.77732 -24.1 -27.6
CH2vCHCl(vinyl-chloride) -537.60949 -537.56828 -537.56378 7.0 5.2
CH2vCHCN(acrylonitrile) -170.58304 -170.53398 -170.52884 47.6 45.9
CH3COCH3(acetone) -192.89396 -192.81368 -192.80724 -49.2 -53.0
CH3COOH(acetic-acid) -228.81351 -228.75381 -228.74827 -101.8 -104.9
CH3COF(acetyl-fluoride) -252.81079 -252.76343 -252.75814 -105.4 -107.7
CH3COCl(acetyl-chloride) -612.79302 -612.74740 -612.74180 -57.7 -59.8
CH3CH2CH2Cl(propyl-chloride) -578.09919 -578.00799 -578.00159 -27.7 -32.7
H3)2CHOH(isopropanol) -194.10002 -193.99646 -193.98994 -60.6 -66.4
C2H5OCH3(methyl-ethyl-ether) -194.08090 -193.97684 -193.97023 -48.3 -54.0
H3)3N(trimethylamine) -174.21957 -174.10394 -174.09740 -0.3 -7.1
C4H4O(furan) -229.70023 -229.63261 -229.62792 -4.2 -7.3
C4H4S(thiophene) -552.32159 -552.25727 -552.25218 32.8 29.9
C4H5N(pyrrole) -209.85764 -209.77838 -209.77338 32.1 28.1
C5H5N(pyridine) -247.90651 -247.82129 -247.81598 39.8 35.8
H2 -1.17581 -1.16636 -1.16305 -1.1 -1.1
HS -398.29288 -398.28698 -398.28367 34.4 34.4
