LiH -8.02536 -8.02248 -8.01916 32.7 32.7
BeH -15.19928 -15.19491 -15.19160 82.6 83.2
CH -38.418 80 -38.412 58 -38.409 27 141.1 141.9
CH2~
3
B1! -39.085 45 -39.069 00 -39.065 20 94.6 94.7
CH2~
1
A1! -39.074 44 -39.058 40 -39.054 62 101.3 101.4
CH3 -39.772 74 -39.745 09 -39.740 84 35.7 35.1
CH4 -40.453 54 -40.410 88 -40.407 07 -16.7 -18.6
NH -55.149 35 -55.142 17 -55.138 86 86.2 86.3
NH2 -55.807 38 -55.789 02 -55.785 24 45.7 45.0
NH3 -56.491 69 -56.458 65 -56.454 84 -9.1 -10.8
OH -75.652 04 -75.643 91 -75.640 60 9.0 9.1
OH2 -76.352 56 -76.332 05 -76.328 26 -57.4 -58.1
FH -100.358 87 -100.350 01 -100.346 70 -66.2 -66.2
SiH2~
1
A1! -290.179 02 -290.167 71 -290.163 90 62.7 62.3
SiH2~
3
B1! -290.142 17 -290.130 49 -290.126 65 86.1 85.7
SiH3 -290.793 92 -290.773 51 -290.769 54 48.0 46.7
SiH4 -291.448 94 -291.419 04 -291.415 01 8.3 6.0
PH2 -342.062 18 -342.049 13 -342.045 33 33.8 32.9
PH3 -342.702 41 -342.679 04 -342.675 18 3.9 2.0
SH2 -398.945 41 -398.930 73 -398.926 93 -4.1 -4.8
ClH -460.346 65 -460.340 17 -460.336 86 -22.4 -22.4
Li2 -14.906 45 -14.905 76 -14.902 04 49.5 49.6
LiF -107.286 31 -107.284 21 -107.280 86 -81.4 -81.4
C2H2 -77.212 03 -77.185 74 -77.182 05 56.0 55.8
C2H4 -78.464 83 -78.415 93 -78.411 92 14.8 12.8
C2H6 -79.702 11 -79.630 90 -79.626 41 -16.8 -20.6
CN -92.586 79 -92.582 76 -92.579 45 106.5 107.3
HCN -93.300 95 -93.284 89 -93.281 42 31.3 31.2
CO -113.182 45 -113.177 49 -113.174 18 -29.0 -28.2
HCO -113.711 67 -113.698 83 -113.695 03 9.2 9.3
H2CO -114.364 95 -114.338 88 -114.335 06 -27.0 -27.9
H3COH -115.584 30 -115.534 89 -115.530 60 -46.8 -49.4
N2 -109.398 22 -109.392 61 -109.389 31 1.3 1.3
H2NNH2 -111.732 29 -111.680 45 -111.676 22 27.2 23.7
NO -129.744 47 -129.739 95 -129.736 65 21.0 21.0
O2 -150.152 28 -150.148 22 -150.144 91 2.4 2.4
HOOH -151.391 94 -151.365 78 -151.361 60 -30.8 -32.3
F2 -199.326 50 -199.323 97 -199.320 64 0.3 0.3
CO2 -188.372 69 -188.361 31 -188.357 74 -96.7 -96.7
Na2 -323.723 32 -323.723 00 -323.719 03 32.2 31.6
Si2 -577.984 91 -577.983 76 -577.980 23 139.6 140.3
P2 -681.821 15 -681.819 30 -681.815 92 36.1 35.7
S2 -795.466 78 -795.465 12 -795.461 72 33.9 33.9
Cl2 -919.443 42 -919.442 20 -919.438 69 1.4 1.4
NaCl -621.680 95 -621.680 22 -621.676 52 -44.5 -44.8
SiO -364.219 04 -364.216 18 -364.212 86 -23.2 -22.9
SC -435.713 90 -435.711 00 -435.707 68 65.1 65.9
SO -472.832 17 -472.829 49 -472.826 17 3.8 3.8
ClO -534.757 86 -534.756 17 -534.752 77 26.4 26.4
FCl -559.408 53 -559.406 67 -559.403 29 -13.9 -14.0
Si2H6 -581.715 15 -581.668 08 -581.662 03 20.0 16.2
CH3Cl -499.590 17 -499.553 83 -499.549 85 -18.6 -20.5
H3CSH -438.192 78 -438.148 47 -438.143 89 -2.9 -5.3
HOCl -535.421 51 -535.408 58 -535.404 70 -17.6 -18.3
SO2 -548.022 88 -548.015 72 -548.011 72 -65.3 -65.9
BF3 -324.249 33 -324.237 44 -324.232 93 -270.8 -271.4
BCl3 -1404.149 37 -1404.142 14 -1404.136 72 -98.2 -98.3
AlF3 -541.506 92 -541.499 45 -541.494 01 -286.8 -287.6
AlCl3 -1621.453 24 -1621.448 74 -1621.442 36 -142.1 -142.5
CF4 -437.083 43 -437.066 31 -437.061 40 -227.2 -228.6
CCl4 -1876.993 83 -1876.984 19 -1876.977 62 -25.2 -25.7
COS -510.956 80 -510.948 00 -510.944 17 -35.9 -35.8
CS2 -833.540 06 -833.533 55 -833.529 48 25.6 25.8
CF2O -312.705 44 -312.691 34 -312.687 09 -147.8 -148.6
SiF4 -688.366 06 -688.353 98 -688.347 97 -377.7 -378.8
SiCl4 -2128.256 77 -2128.249 76 -2128.242 23 -161.8 -162.2
N2O -184.448 11 -184.437 12 -184.433 49 21.0 20.2
ClNO -589.482 70 -589.476 38 -589.472 01 12.0 11.6
NF3 -353.749 41 -353.738 02 -353.733 62 -33.8 -35.3
PF3 -640.288 04 -640.279 64 -640.274 64 -222.4 -223.7
O3 -225.182 30 -225.174 49 -225.170 60 33.7 33.0
F2O -274.397 12 -274.391 09 -274.387 04 5.9 5.3
ClF3 -758.775 96 -758.768 51 -758.763 39 -37.4 -38.4
C2F4 -475.043 46 -475.022 05 -475.015 84 -164.8 -165.6
C2Cl4 -1915.026 24 -1915.010 88 -1915.003 42 -7.3 -7.5
CF3CN -430.012 23 -429.989 45 -429.983 39 -122.3 -123.2
CH3CCH ~propyne! -116.472 83 -116.419 17 -116.414 31 47.4 45.7
CH2vCvCH2 ~allene! -116.470 92 -116.417 84 -116.413 08 48.2 46.4
C3H4 ~cyclopropene! -116.435 32 -116.381 29 -116.377 01 71.2 69.1
CH3CHvCH2 ~propylene! -117.721 39 -117.645 09 -117.639 98 8.9 5.3
C3H6 ~cyclopropane! -117.709 07 -117.631 15 -117.626 79 17.7 13.6
C3H8 ~propane! -118.954 53 -118.855 80 -118.850 22 -20.0 -25.4
CH2CHCHCH2 ~butadiene! -155.746 00 -155.664 27 -155.658 55 31.5 28.0
C4H6 ~2-butyne! -155.732 04 -155.651 15 -155.644 44 39.7 36.9
C4H6 ~methylene cyclopropane! -155.714 59 -155.632 67 -155.627 41 51.3 47.6
C4H6 ~bicyclobutane! -155.703 59 -155.620 45 -155.615 73 59.0 54.9
C4H6 ~cyclobutene! -155.727 12 -155.643 88 -155.639 05 44.3 40.3
C4H8 ~cyclobutane! -156.964 67 -156.858 60 -156.853 40 12.8 7.0
C4H8 ~isobutene! -156.979 62 -156.876 35 -156.869 95 1.7 -3.4
C4H10 ~trans butane! -158.207 22 -158.081 18 -158.074 30 -23.6 -30.4
C4H10 ~isobutane! -158.210 00 -158.084 31 -158.077 51 -25.5 -32.4
C5H8 ~spiropentane! -194.963 00 -194.852 53 -194.846 58 51.3 45.7
C6H6 ~benzene! -231.876 67 -231.780 53 -231.775 08 27.8 23.7
CH2F2 -238.750 10 -238.717 97 -238.713 89 -109.0 -110.8
CHF3 -337.919 05 -337.893 93 -337.889 50 -169.2 -170.9
CH2Cl2 -958.727 53 -958.698 92 -958.694 39 -21.8 -23.4
CHCl3 -1417.862 87 -1417.843 21 -1417.837 80 -24.5 -25.7
CH3NH2 ~methylamine! -95.728 44 -95.666 91 -95.662 52 -1.9 -5.5
CH3CN ~methyl cyanide! -132.566 71 -132.523 05 -132.518 47 19.8 18.1
CH3NO2 ~nitromethane! -244.727 86 -244.679 14 -244.673 81 -17.4 -20.5
CH3ONO ~methyl nitrite! -244.724 07 -244.676 13 -244.670 87 -15.5 -18.6
CH3SiH3 ~methyl silane! -330.716 03 -330.657 82 -330.652 57 -3.6 -7.4
HCOOH ~formic acid! -189.549 56 -189.516 48 -189.512 34 -90.8 -92.5
HCOOCH3 ~methyl formate! -228.788 43 -228.728 09 -228.722 59 -85.6 -88.8
CH3CONH2 ~acetamide! -208.950 88 -208.880 38 -208.874 09 -53.5 -57.2
C2H4NH ~aziridine! -133.731 95 -133.664 13 -133.659 93 34.5 30.5
NCCN ~cyanogen! -185.402 73 -185.386 48 -185.381 74 74.4 74.8
H3!2NH ~dimethylamine! -134.971 60 -134.882 80 -134.877 37 0.5 -4.7
CH3CH2NH2 ~trans ethylamine! -134.983 48 -134.813 68 -192.807 24 -49.2 -53.0

CH2CO ~ketene! -152.399 66 -152.369 12 -152.364 68 -11.4 -12.1
C2H4O ~oxirane! -153.588 50 -153.532 88 -153.528 77 -10.9 -13.9
CH3CHO ~acetaldehyde! -153.630 35 -153.576 84 -153.571 93 -38.5 -41.0
HCOCOH ~glyoxal! -227.546 71 -227.510 24 -227.505 07 -52.2 -53.6
CH3CH2OH ~ethanol! -154.841 26 -154.764 45 -154.759 15 -52.9 -57.2
CH3OCH3 ~dimethylether! -154.823 59 -154.746 68 -154.741 33 -41.8 -46.0
C2H4S ~thiooxirane! -476.217 52 -476.164 47 -476.160 12 21.7 18.9
H3!2SO ~dimethyl sulfoxide! -552.564 55 -552.487 90 -552.481 31 -30.2 -34.8
C5H2SH ~ethanethiol! -477.446 27 -477.374 38 -477.368 64 -6.7 -10.7
CH3SCH3 ~dimethyl sulphide! -477.444 68 -477.371 87 -477.365 99 -5.1 -9.1
CH2vCHF -177.614 68 -177.572 13 -177.567 81 -33.0 -34.9
C2H5Cl ~ethyl chloride! -538.846 25 -538.782 37 -538.777 32 -24.1 -27.6
CH2vCHCl ~vinyl chloride! -537.609 49 -537.568 28 -537.563 78 7.0 5.2
CH2vCHCN ~acrylonitrile! -170.583 04 -170.533 98 -170.528 84 47.6 45.9
CH3COCH3 ~acetone! -192.893 96 -192.813 68 -192.807 24 -49.2 -53.0

CH3COOH ~acetic acid! -228.813 51 -228.753 81 -228.748 27 -101.8 -104.9
CH3COF ~acetyl fluoride! -252.810 79 -252.763 43 -252.758 14 -105.4 -107.7
CH3COCl ~acetyl chloride! -612.793 02 -612.747 40 -612.741 80 -57.7 -59.8
CH3CH2CH2Cl ~propyl chloride! -578.099 19 -578.007 99 -578.001 59 -27.7 -32.7
H3!2CHOH ~isopropanol! -194.100 02 -193.996 46 -193.989 94 -60.6 -66.4
C2H5OCH3 ~methyl ethyl ether! -194.080 90 -193.976 84 -193.970 23 -48.3 -54.0
H3!3N ~trimethylamine! -174.219 57 -174.103 94 -174.097 40 -0.3 -7.1
C4H4O ~furan! -229.700 23 -229.632 61 -229.627 92 -4.2 -7.3
C4H4S ~thiophene! -552.321 59 -552.257 27 -552.252 18 32.8 29.9
C4H5N ~pyrrole! -209.857 64 -209.778 38 -209.773 38 32.1 28.1
C5H5N ~pyridine! -247.906 51 -247.821 29 -247.815 98 39.8 35.8
H2 -1.175 81 -1.166 36 -1.163 05 -1.1 -1.1
HS -398.292 88 -398.286 98 -398.283 67 34.4 34.4
